1
11.7779594617223
11.7564625531779
12.3940312952459
12.1426331146753
12.0446035810869
12.1694096439439
12.1786276931945
11.7245324289069
11.9410943408001
12.1538695713037
11.8955692443876
12.1157106754485
11.9771905279606
11.7302213324197
11.8268779344985
11.7357836697488
12.2820731924363
11.8462830187291
11.9444289171323
11.8020683212046
11.9057548133758
11.8932294308161
12.0903521705486
12.0616469097142
11.7666378110599
12.1119538882412
12.1288992461083
11.9212847874598
12.0440712702152
12.4016902494045
12.4694491574023
12.1405211248241
12.0675528170719
12.1681877095808
12.241631154509
11.9856509887239
11.9180379853114
11.7594192698401
12.1169222324999
12.4057751713194
11.9952942047923
12.3252397028546
12.0449731131485
11.889124182064
11.8847393695403
12.0928545661194
11.7313580597775
11.9630811320585
11.799864242039
12.1899422505986
12.2397385228572
12.0187745445264
11.7250394811552
12.1391120798925
12.1374273232
12.3066997392636
11.8078751254179
11.9489784835141
11.9792973672234
12.0969719268861
12.2389994969916
12.0122003855739
12.1039092795946
12.210199450497
12.1641160660137
12.0734987887136
11.4931707443151
11.8236498515847
11.925222203942
11.9343446310788
12.2512746725149
12.1157203513537
12.1986040279403
12.0724637793012
12.2659796474323
11.8331595945347
11.9300899833398
11.8912946003122
12.2389225579771
11.9944794967832
11.9345038921085
12.028935530195
12.0958920955389
11.8967964012309
12.1770419520008
12.0326602422354
11.8267348199174
12.2048305862452
12.4370932630906
12.1567760384114
12.1028784532804
11.6840036278666
12.3143687972142
12.0787308055971
12.1893400201094
12.2096564053768
12.100831830577
12.1465702243312
11.7975361340576
12.4426606943258
11.6023488323759
12.4412782607722
12.2222606775562
12.320752070365
12.0803891974437
11.7781319665898
12.09960732677
12.0050682132386
11.7970673444624
11.6423335920205
11.8111492907677
12.080780099591
12.281444217426
12.1188873899784
12.3463130710139
12.1105267263679
11.8551610403521
12.0111709784223
12.0870987350203
12.3302869370941
12.1721565487609
11.8135429920205
12.0457104096984
12.1200488450822
12.0119474167396
12.3621670056352
12.1712964407781
11.5832463599295
11.8548798164316
12.1764361834534
12.1898543760226
12.1198076959838
11.8928681788083
12.0132578749876
12.0826110934994
12.1058034768095
12.2885536112523
11.6988709415996
12.0089872747294
11.7277771954254
12.1721072012431
11.8774286223467
12.0623870590449
12.2654732529455
11.8975389815788
12.2429434146665
11.7342350422927
12.0557699693043
12.2537225887258
11.9447518996874
11.9974811246395
11.9756758583751
11.8557719387752
12.0706171556013
11.9930504152643
12.0500105136966
11.6707445506801
12.2858530444063
11.8255578931094
11.7420132005734
11.9791766236319
11.8226667813071
12.2618012882606
11.8721088825173
12.249786147203
11.8697083248859
12.3459527480121
11.9821108291899
12.0919484939658
11.9597069677268
12.1966084221653
11.7101406939421
11.9455625631291
12.1301872631151
12.2671780546365
12.1623786635678
12.0655635960958
11.7788176762227
11.696860768961
12.1001115002833
11.6169866106829
12.2763897505387
11.9519105208008
12.0003426245177
12.0754111707861
12.0438397667385
11.7459493151223
12.1692272855228
11.963043575158
12.4066080443395
12.1371905555877
11.9410418879594
11.967668203853
12.1092405481517
12.0117206051276
12.3262259187055
12.0411746555058
12.1842289599664
11.98982186213
12.1245298242951
12.4277865877476
11.6273272559797
11.914116769538
11.8372108617119
12.0595618899677
11.9926212195013
12.2647782997595
12.0101373666498
12.162835476329
12.1023807895259
11.8742690414682
11.7175174967592
11.737611150802
12.1993708940209
12.0702746219044
12.0848170264728
12.2561572465377
12.1595284711048
11.8662385210482
11.7138301384775
11.8253960330869
12.1316767600656
11.9295063593308
12.003391226179
11.9645302422042
12.0481876327075
12.0164926297913
12.182171702248
12.0185118449463
12.0688672188687
11.9875941082056
12.0537268437291
12.2140653338328
12.1595426003579
11.8827154351476
12.070776256765
11.9892508300001
12.1410931305924
11.8167955043235
12.0146807825541
11.8792894553114
11.9612832210001
11.9848552561166
12.0664804118229
11.9797117172666
11.9590197664003
12.006022606004
11.7275533435343
12.2614994832975
12.2295935608885
12.21807181842
12.1755229282301
12.0992142398524
12.0934437364541
11.7793989912769
12.0658644928117
11.669709945171
11.8930211956031
12.2840343522124
12.220679002268
12.2243659983609
12.0891462924517
11.889596038266
12.0170768543748
11.9322334442656
12.004300406127
12.1522628962373
12.0267975936882
11.7917638651535
12.0302829912402
11.913544415369
12.1587930134431
12.0347425852932
11.9635831313756
12.223730462961
11.6629989537043
12.2461467744789
11.9793140782929
11.8030025565927
12.2329688643172
12.1360323605832
12.185982554019
11.9494256909725
12.0862910398836
11.9209387598122
12.0397352210131
11.8015434998802
11.9029995581405
12.059385955952
12.0240135015801
11.954465823744
12.0015024755558
11.5599509889441
11.9192585582098
12.1255252892267
11.6360472348956
12.1041817144826
12.1556261414615
12.2486246168296
12.2366942782136
11.8529980212938
11.9254676152674
11.9297241186485
12.1439186700215
12.0247726758975
12.4515486132299
12.0709824310425
12.1559663358689
12.2217741350067
11.9453849168411
12.036781848511
12.2138688831165
12.1991071157275
12.0111937956384
12.0728781395487
11.8426666572609
12.1509582516102
12.2873631580996
11.8706796720712
11.8760214008139
11.8794099624093
12.2643068846431
11.7645155435496
12.2857305602997
11.9400910960427
12.0326514036978
12.0083918433109
11.9462230065473
11.9776004576843
12.2414784409957
12.138981029562
11.7456484826831
12.2397019526846
12.0006753032573
11.9393969516159
12.2143751075801
12.0308294365145
12.2363011352904
11.8337247622907
11.937473649185
11.886244330883
12.3625218539993
12.1061652550996
12.0474316514058
12.2678816373993
12.0199237603009
11.8146069524733
11.8112178037911
11.8751682779562
12.1219873332741
11.7267625083675
11.6544391136928
12.0391356788529
12.108516346905
12.2007471032612
12.3045128755474
12.4021054914024
11.7018395362972
11.9193090287058
11.9679374345058
12.266840148535
12.1714688878552
11.9179993892676
11.996079253732
12.2263066189571
11.9210466952648
11.941837468599
12.0161329266965
11.5956955120272
12.1841817521143
12.4610995732618
12.0057823709723
11.9300007736847
11.8500008278509
11.9718412006468
12.1302025245339
12.1810453490342
11.8099706055269
11.6387629309558
12.2493242437637
12.0872061622208
11.7876330452936
12.0085160023364
11.9056944309214
11.6972764710452
12.1198892666102
11.8726229843991
12.2547691121046
12.2080220277048
12.0479445312348
11.8659661125605
12.0032542166805
12.0132673894076
12.3207405845701
11.9537266871486
12.0474804130971
12.3063962424649
11.7124583877396
12.2432596474076
11.6912358246564
11.8872675843975
11.6502280921967
11.884237732948
12.0509617999363
12.0036070814904
12.0527702898144
11.9884780208808
11.68764947739
12.2891812921723
11.5739160250468
12.0871564003627
11.8716615170626
11.9346047208655
11.7224497319074
11.6996866543824
11.8325520876783
11.7095846374753
11.7029845483722
12.2723476574143
12.3844620140335
12.0292575498256
12.2044396167203
11.8757129496774
12.1248082521573
12.1490511785485
12.1669229276399
11.8237610174022
12.3159350744771
11.8166634559916
11.7853667110151
12.1373573183515
12.0391534481607
11.911616854488
12.0568334836409
12.0529932769028
11.9049284424032
11.7742662641636
12.3319085927069
12.1210389107669
12.1320902351525
12.0704677282256
12.1649454314911
11.6608126964998
12.1206646528339
11.9450583387129
11.6900366183308
12.2489735853118
11.8912417724801
12.1083111774308
11.739060959996
12.2877672214107
12.207301294852
11.9206159805048
12.2064646400884
12.2205189015695
11.990183554974
11.7443425460213
11.7403447338052
11.9516377559877
12.4616054543612
11.9209914729599
12.1277322051175
11.7548244739308
11.7680898990127
11.8761264572763
12.0402881161546
12.1103198722851
11.7777443920731
11.7111561107393
11.748994442359
11.7238249104197
12.1136729961075
11.7824570871887
12.0473291613789
11.8352167710578
11.9796745437282
11.9979402752471
12.1106982166474
11.921794850909
12.0928738272643
11.8726052871984
11.8786116203319
12.1461470119078
11.99436364197
11.8206684747348
11.7195245002137
11.9609372683798
11.6889474582781
12.4040571889401
12.0922748127162
12.037448392191
12.1583836519038
11.9531063255972
12.0501068599102
12.2438326881108
11.7268292122695
12.3601182810889
11.9911957318449
12.1033531152273
12.0707117037273
12.128156419608
11.9662838766167
12.0469711504293
12.105306233094
12.2327052475288
12.1363196392973
12.1608718348562
12.1242434956924
12.4451125605766
12.0884867790853
11.8978720165232
12.2981572286793
11.9699455021466
11.9453892645039
11.747084897567
12.3299221105899
11.8763946745925
11.8038541788457
11.8223156368468
12.0824759389836
11.934953735308
11.6639600845248
11.7350460940561
12.1505037543223
12.3148472484321
12.2240232540971
12.0351302871409
11.8416830920522
12.0694010283562
12.0222668770674
11.9711431121596
11.9742923350659
12.1108933272982
11.9152202774036
11.9128166335594
11.9972505503056
12.1140880058448
11.8899918778412
12.0968092066942
12.1266950045213
12.1189442428094
12.0765754918886
12.3020464889587
11.7779964497574
12.0789891031263
11.8555753821841
11.8664939202669
11.9003587985455
11.8168872877787
11.9506630099711
11.9152414053714
11.7908939489713
12.2260402251025
12.09712183227
12.0057043488986
12.0520799639662
12.2030359883141
11.9055374900819
11.900626991439
11.9761452535714
11.9591012770691
12.2537474084717
12.0034227130691
11.9121633214294
12.2388294301991
11.8605357342922
11.9425233272988
12.1965444537556
12.1249053983219
12.0890574708376
11.6898191244273
12.3590988885683
11.7115145998687
11.9961803654148
11.9325314414839
11.8707324292131
12.1872875112337
12.0561180594103
12.0186201055936
12.0983194009537
12.1568279597535
12.3601582402274
11.9362990120708
11.9455912206071
11.9960944673007
11.6571508027517
11.6281193465043
11.9792448840324
12.0711264730971
12.279143237285
12.0082682671428
11.7358176454035
12.1038105962033
11.7639557885454
12.1849232508812
11.9235584370104
12.041066764773
12.0900298810297
12.0048558983979
11.9099932083432
12.1652694265011
12.0993122509371
11.9893416457431
12.1441754443515
12.1115014801285
12.1909016924815
12.0272991570641
12.0000543364831
11.9970631151367
11.6513255269595
11.840612891672
12.046414918516
12.083036277672
11.6714998823397
12.1290274395748
11.9854002365352
12.2194742258082
12.0137828675554
11.9633224209773
12.2191561406762
11.7782610288188
12.1525794325853
12.1272939744557
11.8947210791731
11.7860369686744
12.1114095384966
11.9132486114142
11.743138617332
11.7305553863229
12.0823393540725
11.6729969434219
12.1034216812564
12.1767449046728
12.0431030613163
12.1700436022233
12.0106112145541
12.0387599306637
12.2252140749726
11.9111578044914
12.305212512205
11.8158675117756
12.2361929109711
11.83414701783
11.9076621524333
12.132585795505
12.1206037768863
12.1223707129348
12.1497457772333
12.0370903718382
12.0750539175275
12.26201704805
12.0584792878382
12.0838221659367
12.1133697039161
12.089500953888
11.7175648750751
11.9603585448619
12.3858868820798
11.9314184604831
11.963987599423
12.3258991513115
12.1596254898969
12.0103900017849
11.72352065919
11.5254485283344
12.1460883393598
12.2532021334968
12.1555368502346
12.2270598604776
11.9396317472186
12.1839570512045
11.8032877347756
11.9968240525187
11.9092129911927
11.7465594442645
12.0715986262034
12.0340247968588
11.9509515606988
11.9343396296334
12.0824469346925
11.9218235640259
11.9526707508976
12.0077212983566
12.0604743463366
12.0470217039811
12.0990491590703
11.8864886444558
12.2122949546444
11.8798733474756
11.7805036885966
12.2149522731288
12.1343688220007
11.7511802149975
11.8828334426025
12.0160896542477
12.2318735006803
12.1974890238272
11.8892728865388
12.3563195020504
11.9400024262296
11.9320396323122
12.2895633848877
11.9383616033656
11.9160560728489
11.9617510346588
11.9727965769665
12.0102864879366
11.9335537474471
11.9754057607487
12.1310830629963
11.8922234085473
12.3903081398137
11.8761430167979
11.9527013721911
12.05011495203
11.9412176479939
12.120654341421
12.0561491881309
12.1394059787645
12.0436209236821
12.128750336361
12.3888832548914
12.1278576182294
11.8759060773504
12.1989765902743
11.9057419942942
11.9357256463447
11.9970050251778
12.1218670846621
12.1010039132788
12.2973307803567
12.0693851318713
12.1081960681143
11.8077230072913
12.2141736575004
11.7044573402715
12.0264700531462
11.7912999088737
11.6422398923971
12.3395152710333
11.7585819136367
11.9140480874761
12.0450727483418
12.2550122620395
11.9814454892476
12.0718234092716
12.2061619288818
12.0029843605704
11.9618447029142
12.1101303957845
11.9654601173109
11.9554249866704
11.8956033235016
11.8424443319787
12.2130658910832
12.0557643196985
12.0544307089221
11.9707168119224
11.7820683443492
12.342146830585
11.6042740818186
11.9329201564254
12.192686123118
11.8470188229352
12.1762891402315
11.7839505258708
12.0024425737393
12.0815088163219
12.2527051301832
12.4201520592403
12.1103818801661
11.9361680780827
12.1964167567205
12.220396813778
12.1157006035692
11.7866100462736
12.2009455575316
11.9712477925242
12.2290457597197
12.3912953551065
12.0446932239105
12.2131218739496
11.8698022832135
12.104008462107
12.33344885229
12.2861182587634
11.9242468476038
11.9449175994515
11.5383122838743
11.9838337218175
11.7167086896087
11.9838270648901
12.4190723350468
12.2200310598185
11.927769707327
11.8153548159318
11.8003119563951
11.9551526424431
12.3843321233729
11.9654474831971
12.1816703131775
12.0718139809495
12.2329470161028
12.0846993164665
12.0972971239222
12.1773398396887
11.8659766320018
12.077084604453
11.9524951591134
11.9750846472315
11.9515922697497
11.9211711043871
12.149507700405
12.4153739329929
12.0303991295203
12.0989837429253
11.6173061017893
11.9316140837624
12.0114452518678
12.1092918874279
11.6997069674388
11.7272611884917
12.0204554959454
12.0953857517061
12.1442107125143
11.7830138300704
11.8728348186927
11.9440454434098
11.7355959427642
12.2869914843418
11.9846291975833
12.1427198447204
11.9630377842871
12.2375088218895
11.6764255899878
11.8266368693588
12.0189167663659
12.2371495097758
12.1115068916743
12.1384612077354
11.8657480080515
11.9639744090495
11.9873036450588
11.9362296161585
12.1604594940035
12.0130428398937
12.1423798443309
11.9228540234114
11.9180220709191
12.3105743397733
11.9509344679326
11.99436364197
12.0979399398567
11.8385377025291
12.1576159579324
12.2645089763945
11.7349883114748
11.6602912578515
12.1720871446469
11.7709913986375
11.7469889386243
11.8603993500102
12.0648851797534
11.7102693169056
12.1337995244825
12.3653480754849
11.9338074207799
12.1125313018541
11.9358938401243
12.1795847165132
12.172582514477
12.0238843405377
12.3248031444487
12.0578377694545
11.8870137745941
12.1634574850879
11.8797784284401
11.8334338443764
11.9048944893541
